camera_matrix:
- - 603.3565980559212
  - 0.0
  - 314.98325947311577
- - 0.0
  - 603.8525136324047
  - 233.97939039940036
- - 0.0
  - 0.0
  - 1.0
dist_coeffs:
- - 0.07904876200503386
  - -0.2473724352661824
  - 1.4961220610951097e-05
  - 0.0024014898368810893
  - 0.2125031132173052
rotation_vectors:
- - - -0.38878624579644655
  - - 0.4638349326850513
  - - 1.3380448387813069
- - - 0.6251479065367853
  - - -0.026452893459178617
  - - 0.07200167670293348
- - - -0.26130124212308725
  - - 0.44790845532360013
  - - 0.9186646489784538
- - - 0.4812492753000871
  - - -0.4285551891015809
  - - 0.45445691966553037
- - - 0.5977771933768421
  - - -0.2265021456187362
  - - 0.20041940644618592
- - - -0.5666218927300539
  - - -0.028813084691711382
  - - 0.535751788660754
- - - -0.5388981888698293
  - - -0.15991627344286474
  - - 0.13664124549018195
- - - -0.4480605427076618
  - - -0.32604191129856996
  - - -0.08005368283566046
- - - -0.7226016967351803
  - - 0.96686473149744
  - - 1.4430775026921454
- - - 0.4014211431247467
  - - -0.21991174344652423
  - - 0.35708684175328925
- - - -0.33359556406102503
  - - 0.5618322921068436
  - - -0.13271390592754748
- - - 0.25347067568518666
  - - -0.0091409364359814
  - - 1.4196150405401378
- - - 0.5879751772860058
  - - -0.47304116845848015
  - - -0.1922668650569751
- - - 0.5961760950999063
  - - -0.4575747416180891
  - - 0.14067537825941517
- - - -0.01444888625624079
  - - 0.44861104798207574
  - - 0.20689379856894033
- - - -0.2323067554521079
  - - 0.10885389320446108
  - - 1.5296052090319276
- - - 0.14096248391207059
  - - 0.4915406109932108
  - - 0.5494944812805382
- - - 0.21801714881274983
  - - -0.07126361662059061
  - - 0.5860549435708855
- - - -0.23220132815802674
  - - -0.30155531997557133
  - - -0.5155211738068972
translation_vectors:
- - - 9.477796143224896
  - - 7.026591309636596
  - - 62.398520605295694
- - - -9.659783714293331
  - - -2.052274397464939
  - - 38.48075249365069
- - - 24.353224149722514
  - - 3.200547643726506
  - - 65.57327066657373
- - - 10.218431422699066
  - - -13.019270399124135
  - - 45.13317015490199
- - - -2.1501279235914588
  - - -5.226070780888919
  - - 42.10585641201946
- - - -8.839877146891427
  - - -1.1825600614143856
  - - 55.57129782158427
- - - -2.004636608821551
  - - 2.5593340784575744
  - - 58.626964655051005
- - - -8.644323748625485
  - - -8.553276170591282
  - - 40.62680318052293
- - - 14.561560998416018
  - - -7.099329382425108
  - - 68.15303134437201
- - - -13.926548172191927
  - - -1.7101254437248092
  - - 36.404687155588306
- - - -7.877331345518944
  - - -5.662753205023066
  - - 45.605374547691255
- - - 20.81864708800834
  - - -3.4891067385052215
  - - 48.29279587007532
- - - -15.234858149217379
  - - -5.860973100015674
  - - 36.13055357648403
- - - -1.6512654590592986
  - - -12.412749989487214
  - - 41.25737430323934
- - - -12.182056810916249
  - - -6.640257736756626
  - - 33.4280879273625
- - - 8.986834114413215
  - - 0.6910922351430406
  - - 60.75908158862233
- - - 12.607331843953835
  - - -19.341416721433628
  - - 81.80589060669543
- - - -11.595645457976003
  - - -14.108395301086276
  - - 42.2110948490007
- - - 3.2406362465344
  - - 3.306775729390724
  - - 46.57847980099972
